53
50
43
41
40
39
38
34
33
32
31
34
38
58
69
74
79
80
81
76
69
59
50
43
26
25
26
34
76
58
45
14
16
20
29
35
71
77
86
88
85
78
70
44
37
35
36
44
58
80
86
65
71
78
87
100
78
83
89
95
96
82
76
73
73
68
63
62
67
88
65
58
52
65
68
72
49
40
36
41
50
65
69
42
37
35
44
59
65
70
35
47
56
67
70
42
35
66
37
21
19
8
0
8
50
57
84
87
90
92
95
96
100
100
98
89
87
84
78
71
68
65
57
56
56
55
52
52
51
50
48
46
45
44
43
39
38
37
36
33
31
30
26
21
18
15
9
8
9
18
20
24
33
40
45
48
57
59
62
74
77
80
83
86
89
93
94
87
83
81
78
72
69
66
60
58
56
53
49
47
46
45
44
41
36
35
34
29
27
23
22
23
26
29
40
48
53
56
58
60
66
68
69
